%YAML:1.0

width: 640
height: 480
cam0:
  distortion_coeffs: [0.06638310427696423, -0.08704944415529733, -0.004098864491343206,
    0.0009198183592045732]
  intrinsics: [445.64006859176084, 445.99373034605316, 335.54651569980865, 224.75705670714368]
  rostopic: /cam1/image_raw
cam1:
  distortion_coeffs: [0.05288796882849208, -0.06902760884590253, 0.013731087273208827,
    -0.0010553065235742272]
  intrinsics: [402.39651072112906, 404.935651768863, 324.21585838197205, 260.69319442633577]
  rostopic: /cam2/image_raw
T10: !!opencv-matrix
  rows: 4
  cols: 4
  dt: d
  data: [0.9999709020939724, -0.007626890024002112, -0.000159730801615668, -0.0007592979563062247,
         0.0076056964319075535, 0.9983749726899773, -0.056476254196546206, 0.022567350493729627,
         0.0005902094144254364, 0.05647339599182089, 0.9984039298790837, -0.00041287643031137237,
         0.0, 0.0, 0.0, 1.0]
